1
0.5779816513761468
0.5933154160382426
2
0.6788990825688074
0.5480677615743745
3
0.6788990825688074
0.5284511687571339
4
0.6788990825688074
0.5210228860722006
5
0.6788990825688074
0.52641874888639
6
0.6788990825688074
0.5037691580451759
7
0.6788990825688074
0.4943224484876503
8
0.6788990825688074
0.4943410769328389
9
0.6788990825688074
0.48279383534516157
10
0.6788990825688074
0.4919675197774564
11
0.6788990825688074
0.5204862665896323
12
0.6788990825688074
0.48649633425742284
13
0.6788990825688074
0.44721902499561905
14
0.6788990825688074
0.43483556717668576
15
0.6788990825688074
0.4333658855679126
16
0.6788990825688074
0.4082491253314684
17
0.6788990825688074
0.3844688011563223
18
0.6788990825688074
0.39924191455802566
19
0.6788990825688074
0.3589208525322988
20
0.6788990825688074
0.36060069494525177
21
0.6788990825688074
0.36204436484986385
22
0.6972477064220184
0.3595688566307708
23
0.6972477064220184
0.3004747728162983
24
0.6972477064220184
0.2694752558919729
25
0.6972477064220184
0.2861274857043945
26
0.6972477064220184
0.27564785035698747
27
0.6972477064220184
0.28275513254544316
28
0.6972477064220184
0.2627073787195735
29
0.6972477064220184
0.26893688597412396
30
0.6972477064220184
0.21223864114855126
31
0.6972477064220184
0.16276011710949972
32
0.6972477064220184
0.19926767394960682
33
0.6972477064220184
0.3001629194242594
34
0.6972477064220184
0.3047038913116873
35
0.6972477064220184
0.2060910057890924
36
0.6972477064220184
0.13810705925921254
37
0.6972477064220184
0.12357101417570929
38
0.6972477064220184
0.0875786513250188
39
0.6972477064220184
0.08998892952568803
40
0.6972477064220184
0.1561373321138346
41
0.6972477064220184
0.14106574518855278
42
0.6972477064220184
0.09547050483363671
43
0.6972477064220184
0.07306550507697694
44
0.6972477064220184
0.04613183462826348
45
0.6972477064220184
0.03267210930888615
46
0.6972477064220184
0.05919213460378938
47
0.6972477064220184
0.12259658608336384
48
0.6972477064220184
0.12382985305979917
49
0.6972477064220184
0.08386921664944827
50
0.6972477064220184
0.08014993132854734
51
0.6972477064220184
0.0945203815615868
52
0.6972477064220184
0.11310010011637671
53
0.6972477064220184
0.11737848280723859
54
0.6972477064220184
0.050699905735937904
55
0.6972477064220184
0.02052328536354624
56
0.6972477064220184
0.009721866813128451
57
0.6972477064220184
0.0049443338897493866
58
0.6972477064220184
0.0028987814813245124
59
0.6972477064220184
0.0024018189082137815
60
0.6972477064220184
0.002130570763743143
61
0.6972477064220184
0.0019312166091110536
62
0.6972477064220184
0.0017768177574597388
63
0.6972477064220184
0.0016521637842506
64
0.6972477064220184
0.001549804485197227
65
0.6972477064220184
0.0014637899857056446
66
0.6972477064220184
0.0013916154876271465
67
0.6972477064220184
0.0013304513534221497
68
0.6972477064220184
0.0012793878751118494
69
0.6972477064220184
0.001232107373749489
70
0.6972477064220184
0.0011909553619301578
71
0.6972477064220184
0.0011544173940329857
72
0.6972477064220184
0.0011214971379601855
73
0.6972477064220184
0.0010925929830517005
74
0.6972477064220184
0.0010662159570324625
75
0.6972477064220184
0.001042175622705582
76
0.6972477064220184
0.0010208047313147468
77
0.6972477064220184
0.001000972770854143
78
0.6972477064220184
0.0009826827715314322
79
0.6972477064220184
0.0009657205725416511
80
0.6972477064220184
0.0009501738093283219
81
0.6972477064220184
0.0009358608697597722
82
0.6972477064220184
0.000922581128265464
83
0.6972477064220184
0.0009103010380651367
84
0.6972477064220184
0.000898704950070259
85
0.6972477064220184
0.0008880496202515592
86
0.6972477064220184
0.0008779287297341114
87
0.6972477064220184
0.0008684709921278049
88
0.6972477064220184
0.0008595689453549896
89
0.6972477064220184
0.0008511873871053821
90
0.6972477064220184
0.0008432429389014655
91
0.6972477064220184
0.000835745358496847
92
0.6972477064220184
0.0008284698347168814
93
0.6972477064220184
0.0008216534684339053
94
0.6972477064220184
0.0008150324363673111
95
0.6972477064220184
0.0008087886592758852
96
0.6972477064220184
0.0008027137987519717
97
0.6972477064220184
0.0007970140565935164
98
0.6972477064220184
0.0007917857985592128
99
0.6972477064220184
0.0007865708212204057
100
0.6972477064220184
0.0007814876312311117
101
0.6972477064220184
0.0007766146512091397
102
0.6972477064220184
0.0007718464699192058
103
0.6972477064220184
0.0007672674737425341
104
0.6972477064220184
0.0007628717752713038
105
0.6972477064220184
0.0007585495650723919
106
0.6972477064220184
0.0007543577890480328
107
0.6972477064220184
0.0007503099064987611
108
0.6972477064220184
0.000746351687290306
109
0.6972477064220184
0.0007425214413609553
110
0.6972477064220184
0.00073878426006546
111
0.6972477064220184
0.0007351202153526407
112
0.6972477064220184
0.0007315419022025228
113
0.6972477064220184
0.000728042523714682
114
0.6972477064220184
0.0007245989388354793
115
0.6972477064220184
0.0007212297354625386
116
0.6972477064220184
0.0007179191452314678
117
0.6972477064220184
0.0007146402368612474
118
0.6972477064220184
0.0007114344474429331
119
0.6972477064220184
0.0007082548720531501
120
0.6972477064220184
0.0007051254281162303
121
0.6972477064220184
0.0007020223807241266
122
0.6972477064220184
0.0006989625850575028
123
0.6972477064220184
0.0006959377489819927
124
0.6972477064220184
0.0006929123146488405
125
0.6972477064220184
0.0006899252759179914
126
0.6972477064220184
0.0006869582961080008
127
0.6972477064220184
0.0006840134067321124
128
0.6972477064220184
0.0006810886012913336
129
0.6972477064220184
0.000678184257909398
130
0.6972477064220184
0.0006752811840273366
131
0.6972477064220184
0.0006723818814555333
132
0.6972477064220184
0.0006694952652354538
133
0.6972477064220184
0.0006666133164939292
134
0.6972477064220184
0.0006637433616503188
135
0.6972477064220184
0.0006608678566310261
136
0.6972477064220184
0.0006579750266579117
137
0.6972477064220184
0.0006551021849409594
138
0.6972477064220184
0.0006527846759069816
139
0.6972477064220184
0.0006500944917664546
140
0.6972477064220184
0.0006471195288126951
141
0.6972477064220184
0.0006441334513094352
142
0.6972477064220184
0.0006411787213574388
143
0.6972477064220184
0.0006382036761977365
144
0.6972477064220184
0.0006352372870919665
145
0.6972477064220184
0.0006322749949044746
146
0.6972477064220184
0.000629308883416455
147
0.6972477064220184
0.0006263322134796098
148
0.6972477064220184
0.0006233448061608223
149
0.6972477064220184
0.0006203682478319324
150
0.6972477064220184
0.0006173627502454947
151
0.6972477064220184
0.0006143581902130341
152
0.6972477064220184
0.0006113378313082464
153
0.6972477064220184
0.0006083036813010041
154
0.6972477064220184
0.000605256501235782
155
0.6972477064220184
0.0006022019057481748
156
0.6972477064220184
0.0005991327406553002
157
0.6972477064220184
0.0005960438427752738
158
0.6972477064220184
0.0005929458832525726
159
0.6972477064220184
0.00058983207223352
160
0.6972477064220184
0.0005867013581848889
161
0.6972477064220184
0.0005835550411223559
162
0.6972477064220184
0.0005803967690020267
163
0.6972477064220184
0.0005772168324190636
164
0.6972477064220184
0.0005740296948729856
165
0.6972477064220184
0.0005708203890906215
166
0.6972477064220184
0.000567606659730979
167
0.6972477064220184
0.0005643718251096053
168
0.6972477064220184
0.0005611248287206213
169
0.6972477064220184
0.0005578634364090431
170
0.6972477064220184
0.0005545863240569287
171
0.6972477064220184
0.0005512937010741218
172
0.6972477064220184
0.0005479952128522963
173
0.6972477064220184
0.0005446749498838679
174
0.6972477064220184
0.00054134728568306
175
0.6972477064220184
0.0005380079335969165
176
0.6972477064220184
0.0005346492274927607
177
0.6972477064220184
0.0005312889564854809
178
0.6972477064220184
0.0005279149428526927
179
0.6972477064220184
0.0005250531268749056
180
0.6972477064220184
0.0005874212658086052
181
0.6972477064220184
0.6152069595759587
182
0.6972477064220184
0.6122768376937787
183
0.6972477064220184
0.5400201207007503
184
0.6972477064220184
0.5077951633325223
185
0.6972477064220184
0.48058186730986513
186
0.6972477064220184
0.47168574434938176
187
0.6972477064220184
0.4561781475906966
188
0.6972477064220184
0.44479804723217414
189
0.6972477064220184
0.4476986284847903
190
0.6972477064220184
0.4058113636356599
191
0.6972477064220184
0.3671764973099875
192
0.6972477064220184
0.33675555536370927
193
0.6972477064220184
0.3326141614264958
194
0.6972477064220184
0.32779566694863116
195
0.6972477064220184
0.3232550085785411
196
0.6972477064220184
0.3790266382515499
197
0.6972477064220184
0.34797214379592134
198
0.6972477064220184
0.2828952962534788
199
0.6972477064220184
0.23682502257361612
200
0.6972477064220184
0.23123658802940358
201
0.6972477064220184
0.21970421930446343
202
0.6972477064220184
0.20876962348502967
203
0.6972477064220184
0.2042447062721637
204
0.6972477064220184
0.2155602767423328
205
0.6972477064220184
0.2214199038192355
206
0.6972477064220184
0.181308178105977
207
0.6972477064220184
0.13553944421285438
208
0.6972477064220184
0.1357565766056482
209
0.6972477064220184
0.1838484630149799
210
0.6972477064220184
0.27982839391993264
211
0.6972477064220184
0.14879600700225162
212
0.6972477064220184
0.1006026432193271
213
0.6972477064220184
0.06779303218230268
214
0.6972477064220184
0.06254820085013545
215
0.6972477064220184
0.05537177369225719
216
0.6972477064220184
0.035829465889559646
217
0.6972477064220184
0.05726883731826209
218
0.6972477064220184
0.08135609222563132
219
0.6972477064220184
0.059257528731378434
220
0.6972477064220184
0.16640239271561957
221
0.6972477064220184
0.16347486735348435
222
0.6972477064220184
0.13992549750938874
223
0.6972477064220184
0.08228015509834717
224
0.6972477064220184
0.04515021890383042
225
0.6972477064220184
0.03171092768563892
226
0.6972477064220184
0.01781324189797585
227
0.6972477064220184
0.011457134314209562
228
0.6972477064220184
0.006464939414449154
229
0.6972477064220184
0.0049893655830007605
230
0.6972477064220184
0.003840506201788016
231
0.6972477064220184
0.0029944544885490967
232
0.6972477064220184
0.0024068131320576095
233
0.6972477064220184
0.0019951432110444185
234
0.6972477064220184
0.0017363670939470038
235
0.6972477064220184
0.0014513131616384811
236
0.6972477064220184
0.0012664397897918435
237
0.6972477064220184
0.0010988849991085043
238
0.6972477064220184
0.0009753904219882884
239
0.6972477064220184
0.0008687635402250477
240
0.6972477064220184
0.0007834445870848804
241
0.6972477064220184
0.0007081035407167545
242
0.6972477064220184
0.0006472657829172095
243
0.6972477064220184
0.0005907062058073823
244
0.6972477064220184
0.0005451126866153356
245
0.6972477064220184
0.0005022980797998398
246
0.6972477064220184
0.00046569851167126266
247
0.6972477064220184
0.00043313983023143696
248
0.6972477064220184
0.0004044388618144731
249
0.6972477064220184
0.0003781807075835756
250
0.6972477064220184
0.0003548120640760992
251
0.6972477064220184
0.00033361380557400927
252
0.6972477064220184
0.00031415761033730134
253
0.6972477064220184
0.00029626169783197035
254
0.6972477064220184
0.00028015275824976466
255
0.6972477064220184
0.0002651632398103349
256
0.6972477064220184
0.0002513374667285308
257
0.6972477064220184
0.00023868999558139683
258
0.6972477064220184
0.0002266875421983342
259
0.6972477064220184
0.00021580314223431908
260
0.6972477064220184
0.00020541567737633902
261
0.6972477064220184
0.00019578967351326134
262
0.6972477064220184
0.00018675368813909245
263
0.6972477064220184
0.00017832678507366892
264
0.6972477064220184
0.00017036290251527022
265
0.6972477064220184
0.00016303307562116497
266
0.6972477064220184
0.00015588582095364895
267
0.6972477064220184
0.00014928094908159064
268
0.6972477064220184
0.00014298163970495034
269
0.6972477064220184
0.00013705842776953528
270
0.6972477064220184
0.00013149677367029042
271
0.6972477064220184
0.0001261136047608015
272
0.6972477064220184
0.00012122621140720063
273
0.6972477064220184
0.00011637052490090251
274
0.6972477064220184
0.00011188263051746193
275
0.6972477064220184
0.00010759318896053012
276
0.6972477064220184
0.00010341894469277575
277
0.6972477064220184
9.951188000700329e-05
278
0.6972477064220184
9.577578402716593e-05
279
0.6972477064220184
9.22254598563474e-05
280
0.6972477064220184
8.883682103742617e-05
281
0.6972477064220184
8.560443466079164e-05
282
0.6972477064220184
8.252765711785e-05
283
0.6972477064220184
7.955654278690563e-05
284
0.6972477064220184
7.67353840961258e-05
285
0.6972477064220184
7.399350817121272e-05
286
0.6972477064220184
7.140124000946132e-05
287
0.6972477064220184
6.890084779349499e-05
288
0.6972477064220184
6.645223391129788e-05
289
0.6972477064220184
6.414857212664857e-05
290
0.6972477064220184
6.194794028097871e-05
291
0.6972477064220184
5.983701215055697e-05
292
0.6972477064220184
5.778019709839909e-05
293
0.6972477064220184
5.5905617416501125e-05
294
0.6972477064220184
5.403156168222739e-05
295
0.6972477064220184
5.223635724460351e-05
296
0.6972477064220184
5.0563476899787195e-05
297
0.6972477064220184
4.8907484645286025e-05
298
0.6972477064220184
4.73542824106742e-05
299
0.6972477064220184
4.5781000971216855e-05
