1
0.6576576576576577
0.6437125748502994
2
0.6576576576576577
0.6487025948103793
3
0.7657657657657657
0.6976047904191617
4
0.7747747747747747
0.7315369261477046
5
0.7567567567567568
0.7345309381237525
6
0.7837837837837838
0.7355289421157685
7
0.7657657657657657
0.7415169660678643
8
0.7747747747747747
0.7285429141716567
9
0.7567567567567568
0.7355289421157685
10
0.7657657657657657
0.7524950099800399
11
0.7657657657657657
0.7514970059880239
12
0.7477477477477478
0.7485029940119761
13
0.7477477477477478
0.7544910179640718
14
0.7657657657657657
0.7495009980039921
15
0.7747747747747747
0.7644710578842315
16
0.7567567567567568
0.7584830339321357
17
0.7837837837837838
0.7654690618762475
18
0.7567567567567568
0.7654690618762475
19
0.7567567567567568
0.7764471057884231
20
0.7297297297297297
0.7734530938123753
21
0.7657657657657657
0.7734530938123753
22
0.7927927927927928
0.7764471057884231
23
0.7837837837837838
0.7764471057884231
24
0.7387387387387387
0.7774451097804391
25
0.7477477477477478
0.7864271457085829
26
0.7477477477477478
0.7754491017964071
27
0.7297297297297297
0.7744510978043913
28
0.7117117117117117
0.7684630738522954
29
0.7297297297297297
0.7874251497005988
30
0.7297297297297297
0.781437125748503
31
0.7387387387387387
0.7884231536926147
32
0.7027027027027027
0.7894211576846307
33
0.7297297297297297
0.7764471057884231
34
0.7117117117117117
0.7954091816367266
35
0.7837837837837838
0.7904191616766467
36
0.7297297297297297
0.8033932135728543
37
0.7207207207207207
0.7924151696606786
38
0.7117117117117117
0.7904191616766467
39
0.7297297297297297
0.781437125748503
40
0.7207207207207207
0.7984031936127745
41
0.7297297297297297
0.8073852295409182
42
0.7477477477477478
0.8043912175648703
43
0.7207207207207207
0.8033932135728543
44
0.7117117117117117
0.8143712574850299
45
0.7027027027027027
0.8163672654690619
46
0.7567567567567568
0.7974051896207585
47
0.7207207207207207
0.8153692614770459
48
0.7207207207207207
0.8293413173652695
49
0.7027027027027027
0.7954091816367266
50
0.7027027027027027
0.8093812375249501
51
0.7117117117117117
0.8283433133732535
52
0.7207207207207207
0.8383233532934131
53
0.7387387387387387
0.8293413173652695
54
0.7027027027027027
0.8223552894211577
55
0.7387387387387387
0.8243512974051896
56
0.6846846846846847
0.8223552894211577
57
0.6936936936936937
0.8253493013972056
58
0.6936936936936937
0.8173652694610778
59
0.7117117117117117
0.8243512974051896
60
0.7117117117117117
0.8343313373253493
61
0.7117117117117117
0.8293413173652695
62
0.7387387387387387
0.8403193612774451
63
0.7297297297297297
0.8323353293413174
64
0.7297297297297297
0.846307385229541
65
0.7027027027027027
0.8493013972055888
66
0.6756756756756757
0.8473053892215568
67
0.7027027027027027
0.8532934131736527
68
0.6936936936936937
0.8493013972055888
69
0.7207207207207207
0.8652694610778443
70
0.6936936936936937
0.8702594810379242
71
0.6936936936936937
0.8483033932135728
72
0.7117117117117117
0.8562874251497006
73
0.7387387387387387
0.8632734530938124
74
0.7567567567567568
0.8572854291417166
75
0.7117117117117117
0.845309381237525
76
0.6936936936936937
0.8293413173652695
77
0.7387387387387387
0.8512974051896207
78
0.6936936936936937
0.8672654690618763
79
0.6936936936936937
0.8652694610778443
80
0.6666666666666666
0.8712574850299402
81
0.6756756756756757
0.8612774451097804
82
0.6756756756756757
0.8812375249500998
83
0.6936936936936937
0.8872255489021956
84
0.7477477477477478
0.8782435129740519
85
0.6666666666666666
0.8552894211576846
86
0.6936936936936937
0.8882235528942116
87
0.7477477477477478
0.8972055888223552
88
0.7297297297297297
0.8962075848303394
89
0.6846846846846847
0.8582834331337326
90
0.7297297297297297
0.8682634730538922
91
0.6846846846846847
0.8622754491017964
92
0.7027027027027027
0.8842315369261478
93
0.7027027027027027
0.875249500998004
94
0.6846846846846847
0.8493013972055888
95
0.7027027027027027
0.875249500998004
96
0.7207207207207207
0.9051896207584831
97
0.7567567567567568
0.9041916167664671
98
0.6846846846846847
0.9051896207584831
99
0.7387387387387387
0.8922155688622755
100
0.7027027027027027
0.906187624750499
101
0.7387387387387387
0.9101796407185628
102
0.7117117117117117
0.9191616766467066
103
0.7117117117117117
0.9111776447105788
104
0.7027027027027027
0.9141716566866267
105
0.7567567567567568
0.9101796407185628
106
0.7387387387387387
0.845309381237525
107
0.7297297297297297
0.8652694610778443
108
0.7117117117117117
0.8882235528942116
109
0.6756756756756757
0.9001996007984032
110
0.6846846846846847
0.8922155688622755
111
0.7027027027027027
0.9031936127744511
112
0.7297297297297297
0.9131736526946108
113
0.7117117117117117
0.9051896207584831
114
0.6846846846846847
0.909181636726547
115
0.7297297297297297
0.9281437125748503
116
0.7027027027027027
0.9241516966067864
117
0.7117117117117117
0.9291417165668663
118
0.7477477477477478
0.9261477045908184
119
0.7207207207207207
0.7904191616766467
120
0.6846846846846847
0.810379241516966
121
0.7297297297297297
0.8602794411177644
122
0.6936936936936937
0.8792415169660679
123
0.6666666666666666
0.9011976047904192
124
0.7117117117117117
0.9291417165668663
125
0.6846846846846847
0.9311377245508982
126
0.6576576576576577
0.937125748502994
127
0.6396396396396397
0.9241516966067864
128
0.7207207207207207
0.9431137724550899
129
0.6846846846846847
0.937125748502994
130
0.6936936936936937
0.937125748502994
131
0.7117117117117117
0.9481037924151696
132
0.7027027027027027
0.9471057884231537
133
0.6936936936936937
0.9391217564870259
134
0.6576576576576577
0.9321357285429142
135
0.6846846846846847
0.9451097804391217
136
0.6576576576576577
0.9201596806387226
137
0.6576576576576577
0.9281437125748503
138
0.6666666666666666
0.9171656686626747
139
0.6846846846846847
0.9500998003992016
140
0.6126126126126126
0.9271457085828343
141
0.6216216216216216
0.9401197604790419
142
0.6486486486486487
0.9211576846307385
143
0.6036036036036037
0.8952095808383234
144
0.6306306306306306
0.8992015968063872
145
0.6576576576576577
0.9251497005988024
146
0.6036036036036037
0.8652694610778443
147
0.5945945945945946
0.8862275449101796
148
0.5855855855855856
0.8792415169660679
149
0.6666666666666666
0.8832335329341318
150
0.7027027027027027
0.9121756487025948
151
0.6846846846846847
0.908183632734531
152
0.7387387387387387
0.8942115768463074
153
0.6756756756756757
0.9331337325349301
154
0.7117117117117117
0.9431137724550899
155
0.6846846846846847
0.9520958083832335
156
0.6846846846846847
0.9620758483033932
157
0.6576576576576577
0.9500998003992016
158
0.6486486486486487
0.9590818363273453
159
0.6306306306306306
0.9431137724550899
160
0.6486486486486487
0.935129740518962
161
0.6396396396396397
0.9311377245508982
162
0.6666666666666666
0.9560878243512974
163
0.6666666666666666
0.9111776447105788
164
0.7027027027027027
0.9321357285429142
165
0.6396396396396397
0.9171656686626747
166
0.6036036036036037
0.9151696606786427
167
0.6756756756756757
0.9580838323353293
168
0.6036036036036037
0.935129740518962
169
0.6756756756756757
0.9540918163672655
170
0.6486486486486487
0.9461077844311377
171
0.6936936936936937
0.9461077844311377
172
0.6756756756756757
0.9151696606786427
173
0.6306306306306306
0.9301397205588823
174
0.7387387387387387
0.9471057884231537
175
0.7117117117117117
0.9540918163672655
176
0.7567567567567568
0.9640718562874252
177
0.7297297297297297
0.9540918163672655
178
0.7567567567567568
0.9620758483033932
179
0.7027027027027027
0.9620758483033932
180
0.7117117117117117
0.9720558882235529
181
0.6936936936936937
0.9730538922155688
182
0.6666666666666666
0.9820359281437125
183
0.7117117117117117
0.9730538922155688
184
0.6936936936936937
0.9740518962075848
185
0.6936936936936937
0.9770459081836327
186
0.6306306306306306
0.9820359281437125
187
0.6846846846846847
0.9730538922155688
188
0.6036036036036037
0.9550898203592815
189
0.6936936936936937
0.9491017964071856
190
0.6396396396396397
0.9610778443113772
191
0.6486486486486487
0.9620758483033932
192
0.6936936936936937
0.9680638722554891
193
0.6756756756756757
0.9461077844311377
194
0.6756756756756757
0.9600798403193613
195
0.7027027027027027
0.9670658682634731
196
0.6936936936936937
0.9700598802395209
197
0.6576576576576577
0.9790419161676647
198
0.7117117117117117
0.9800399201596807
199
0.6576576576576577
0.9740518962075848
200
0.6936936936936937
0.9740518962075848
