1
0.6607142857142857
0.6344206974128234
2
0.6875
0.7109111361079865
3
0.7053571428571429
0.7266591676040495
4
0.7053571428571429
0.734533183352081
5
0.7053571428571429
0.749156355455568
6
0.75
0.7592800899887514
7
0.75
0.7581552305961755
8
0.7589285714285714
0.7581552305961755
9
0.7589285714285714
0.7671541057367829
10
0.7589285714285714
0.7682789651293588
11
0.7589285714285714
0.7739032620922385
12
0.7589285714285714
0.7705286839145107
13
0.75
0.7727784026996626
14
0.7410714285714286
0.7727784026996626
15
0.7410714285714286
0.7727784026996626
16
0.75
0.7739032620922385
17
0.75
0.7750281214848144
18
0.75
0.7727784026996626
19
0.75
0.7716535433070866
20
0.75
0.7716535433070866
21
0.7410714285714286
0.7705286839145107
22
0.7410714285714286
0.7727784026996626
23
0.7410714285714286
0.7705286839145107
24
0.75
0.7705286839145107
25
0.75
0.7705286839145107
26
0.75
0.7727784026996626
27
0.75
0.7727784026996626
28
0.75
0.7750281214848144
29
0.7410714285714286
0.7750281214848144
30
0.75
0.7750281214848144
31
0.7410714285714286
0.7772778402699663
32
0.7410714285714286
0.7772778402699663
33
0.7410714285714286
0.7750281214848144
34
0.7410714285714286
0.7739032620922385
35
0.7410714285714286
0.7784026996625422
36
0.75
0.7772778402699663
37
0.7410714285714286
0.7784026996625422
38
0.7410714285714286
0.7795275590551181
39
0.7410714285714286
0.7795275590551181
40
0.7410714285714286
0.7795275590551181
41
0.7410714285714286
0.7795275590551181
42
0.7321428571428571
0.7795275590551181
43
0.7321428571428571
0.7795275590551181
44
0.7321428571428571
0.7772778402699663
45
0.7321428571428571
0.7784026996625422
46
0.7321428571428571
0.7750281214848144
47
0.7321428571428571
0.7761529808773904
48
0.7321428571428571
0.7772778402699663
49
0.7321428571428571
0.7784026996625422
50
0.7321428571428571
0.7750281214848144
51
0.7321428571428571
0.7784026996625422
52
0.7321428571428571
0.7761529808773904
53
0.7321428571428571
0.7795275590551181
54
0.7321428571428571
0.7772778402699663
55
0.7321428571428571
0.7795275590551181
56
0.7321428571428571
0.7806524184476941
57
0.7321428571428571
0.7784026996625422
58
0.7321428571428571
0.7772778402699663
59
0.7321428571428571
0.7806524184476941
60
0.7321428571428571
0.7772778402699663
61
0.7321428571428571
0.7806524184476941
62
0.7321428571428571
0.7806524184476941
63
0.7321428571428571
0.7784026996625422
64
0.7321428571428571
0.7806524184476941
65
0.7321428571428571
0.78177727784027
66
0.7321428571428571
0.78177727784027
67
0.7321428571428571
0.7806524184476941
68
0.7321428571428571
0.78177727784027
69
0.7321428571428571
0.7806524184476941
70
0.7321428571428571
0.78177727784027
71
0.7321428571428571
0.78177727784027
72
0.7321428571428571
0.7840269966254219
73
0.7321428571428571
0.7840269966254219
74
0.7321428571428571
0.7840269966254219
75
0.7321428571428571
0.7840269966254219
76
0.7321428571428571
0.7851518560179978
77
0.7321428571428571
0.7851518560179978
78
0.7321428571428571
0.7862767154105736
79
0.7321428571428571
0.7851518560179978
80
0.7321428571428571
0.7862767154105736
81
0.7321428571428571
0.7862767154105736
82
0.7321428571428571
0.7851518560179978
83
0.7321428571428571
0.7851518560179978
84
0.7321428571428571
0.7851518560179978
85
0.7321428571428571
0.7874015748031497
86
0.7321428571428571
0.7851518560179978
87
0.7321428571428571
0.7862767154105736
88
0.7321428571428571
0.7862767154105736
89
0.7321428571428571
0.7862767154105736
90
0.7321428571428571
0.7862767154105736
91
0.7321428571428571
0.7862767154105736
92
0.7321428571428571
0.7874015748031497
93
0.7321428571428571
0.7862767154105736
94
0.7321428571428571
0.7874015748031497
95
0.7321428571428571
0.7874015748031497
96
0.7321428571428571
0.7885264341957255
97
0.7321428571428571
0.7885264341957255
98
0.7232142857142857
0.7896512935883014
99
0.7321428571428571
0.7907761529808774
100
0.7321428571428571
0.7896512935883014
101
0.7232142857142857
0.7907761529808774
102
0.7232142857142857
0.7885264341957255
103
0.7321428571428571
0.7896512935883014
104
0.7232142857142857
0.7896512935883014
105
0.7321428571428571
0.7896512935883014
106
0.7232142857142857
0.7907761529808774
107
0.7232142857142857
0.7896512935883014
108
0.7232142857142857
0.7896512935883014
109
0.7232142857142857
0.7919010123734533
110
0.7232142857142857
0.7896512935883014
111
0.7232142857142857
0.7896512935883014
112
0.7232142857142857
0.7896512935883014
113
0.7232142857142857
0.7907761529808774
114
0.7232142857142857
0.7885264341957255
115
0.7232142857142857
0.7907761529808774
116
0.7232142857142857
0.7896512935883014
117
0.7232142857142857
0.7919010123734533
118
0.7232142857142857
0.7930258717660292
119
0.7232142857142857
0.7941507311586051
120
0.7232142857142857
0.7919010123734533
121
0.7232142857142857
0.7907761529808774
122
0.7232142857142857
0.7896512935883014
123
0.7232142857142857
0.7896512935883014
124
0.7232142857142857
0.7896512935883014
125
0.7232142857142857
0.7896512935883014
126
0.7232142857142857
0.7907761529808774
127
0.7232142857142857
0.7896512935883014
128
0.7232142857142857
0.7919010123734533
129
0.7232142857142857
0.7919010123734533
130
0.7232142857142857
0.7930258717660292
131
0.7232142857142857
0.7896512935883014
132
0.7232142857142857
0.7907761529808774
133
0.7232142857142857
0.7896512935883014
134
0.7232142857142857
0.7919010123734533
135
0.7232142857142857
0.7919010123734533
136
0.7232142857142857
0.7919010123734533
137
0.7232142857142857
0.7919010123734533
138
0.7232142857142857
0.7919010123734533
139
0.7232142857142857
0.7896512935883014
140
0.7232142857142857
0.7919010123734533
141
0.7232142857142857
0.7919010123734533
142
0.7232142857142857
0.7907761529808774
143
0.7232142857142857
0.7919010123734533
144
0.7232142857142857
0.7907761529808774
145
0.7232142857142857
0.7919010123734533
146
0.7232142857142857
0.7907761529808774
147
0.7232142857142857
0.7907761529808774
148
0.7232142857142857
0.7919010123734533
149
0.7232142857142857
0.7896512935883014
150
0.7232142857142857
0.7919010123734533
151
0.7232142857142857
0.7907761529808774
152
0.7232142857142857
0.7896512935883014
153
0.7232142857142857
0.7896512935883014
154
0.7232142857142857
0.7907761529808774
155
0.7232142857142857
0.7907761529808774
156
0.7232142857142857
0.7896512935883014
157
0.7232142857142857
0.7907761529808774
158
0.7232142857142857
0.7896512935883014
159
0.7232142857142857
0.7885264341957255
160
0.7232142857142857
0.7907761529808774
161
0.7232142857142857
0.7896512935883014
162
0.7232142857142857
0.7919010123734533
163
0.7232142857142857
0.7896512935883014
164
0.7232142857142857
0.7930258717660292
165
0.7232142857142857
0.7907761529808774
166
0.7232142857142857
0.7907761529808774
167
0.7232142857142857
0.7885264341957255
168
0.7410714285714286
0.7829021372328459
169
0.7321428571428571
0.7840269966254219
170
0.7410714285714286
0.7862767154105736
171
0.7410714285714286
0.7885264341957255
172
0.7410714285714286
0.7896512935883014
173
0.7321428571428571
0.7907761529808774
174
0.7321428571428571
0.7896512935883014
175
0.7321428571428571
0.7919010123734533
176
0.7321428571428571
0.7907761529808774
177
0.7321428571428571
0.7919010123734533
178
0.7321428571428571
0.7930258717660292
179
0.7321428571428571
0.7919010123734533
180
0.7321428571428571
0.7919010123734533
181
0.7321428571428571
0.7930258717660292
182
0.7321428571428571
0.7919010123734533
183
0.7410714285714286
0.7896512935883014
184
0.7410714285714286
0.7919010123734533
185
0.7321428571428571
0.7919010123734533
186
0.7410714285714286
0.7930258717660292
187
0.7410714285714286
0.7941507311586051
188
0.7410714285714286
0.7941507311586051
189
0.7321428571428571
0.7919010123734533
190
0.7410714285714286
0.7907761529808774
191
0.7410714285714286
0.7919010123734533
192
0.7410714285714286
0.7919010123734533
193
0.7410714285714286
0.7907761529808774
194
0.7410714285714286
0.7896512935883014
195
0.7410714285714286
0.7930258717660292
196
0.7410714285714286
0.7907761529808774
197
0.7410714285714286
0.7941507311586051
198
0.7410714285714286
0.7907761529808774
199
0.7410714285714286
0.7919010123734533
200
0.7410714285714286
0.7919010123734533
201
0.7410714285714286
0.7907761529808774
202
0.7410714285714286
0.7919010123734533
203
0.7410714285714286
0.7919010123734533
204
0.7410714285714286
0.7930258717660292
205
0.7410714285714286
0.7930258717660292
206
0.7410714285714286
0.7930258717660292
207
0.7410714285714286
0.7930258717660292
208
0.7410714285714286
0.7930258717660292
209
0.7410714285714286
0.7930258717660292
210
0.7410714285714286
0.7930258717660292
211
0.7410714285714286
0.7930258717660292
212
0.7410714285714286
0.7930258717660292
213
0.7410714285714286
0.7930258717660292
214
0.7410714285714286
0.7930258717660292
215
0.7410714285714286
0.7930258717660292
216
0.7321428571428571
0.7930258717660292
217
0.7321428571428571
0.7930258717660292
218
0.7321428571428571
0.7930258717660292
219
0.7321428571428571
0.7919010123734533
220
0.7321428571428571
0.7919010123734533
221
0.7321428571428571
0.7907761529808774
222
0.7321428571428571
0.7919010123734533
223
0.7321428571428571
0.7907761529808774
224
0.7321428571428571
0.7907761529808774
225
0.7410714285714286
0.7907761529808774
226
0.7321428571428571
0.7896512935883014
227
0.7321428571428571
0.7907761529808774
228
0.7321428571428571
0.7896512935883014
229
0.7232142857142857
0.7885264341957255
230
0.7410714285714286
0.7941507311586051
231
0.7410714285714286
0.7907761529808774
232
0.7321428571428571
0.7907761529808774
233
0.7321428571428571
0.7896512935883014
234
0.7321428571428571
0.7896512935883014
235
0.7321428571428571
0.7896512935883014
236
0.7321428571428571
0.7885264341957255
237
0.7321428571428571
0.7896512935883014
238
0.7321428571428571
0.7907761529808774
239
0.7321428571428571
0.7896512935883014
240
0.7321428571428571
0.7896512935883014
241
0.7321428571428571
0.7896512935883014
242
0.7321428571428571
0.7896512935883014
243
0.7321428571428571
0.7896512935883014
244
0.7321428571428571
0.7896512935883014
245
0.7321428571428571
0.7896512935883014
246
0.7321428571428571
0.7896512935883014
247
0.7321428571428571
0.7896512935883014
248
0.7321428571428571
0.7896512935883014
249
0.7321428571428571
0.7896512935883014
250
0.7321428571428571
0.7907761529808774
251
0.7321428571428571
0.7896512935883014
252
0.7321428571428571
0.7896512935883014
253
0.7321428571428571
0.7896512935883014
254
0.7321428571428571
0.7896512935883014
255
0.7321428571428571
0.7907761529808774
256
0.7321428571428571
0.7896512935883014
257
0.7321428571428571
0.7896512935883014
258
0.7321428571428571
0.7907761529808774
259
0.7321428571428571
0.7896512935883014
260
0.7321428571428571
0.7907761529808774
261
0.7321428571428571
0.7896512935883014
262
0.7321428571428571
0.7896512935883014
263
0.7321428571428571
0.7896512935883014
264
0.7321428571428571
0.7907761529808774
265
0.7321428571428571
0.7885264341957255
266
0.7321428571428571
0.7885264341957255
267
0.7321428571428571
0.7896512935883014
268
0.7321428571428571
0.7885264341957255
269
0.7321428571428571
0.7896512935883014
270
0.7321428571428571
0.7896512935883014
271
0.7321428571428571
0.7896512935883014
272
0.7321428571428571
0.7907761529808774
273
0.7321428571428571
0.7907761529808774
274
0.7321428571428571
0.7885264341957255
275
0.7321428571428571
0.7896512935883014
276
0.7321428571428571
0.7885264341957255
277
0.7321428571428571
0.7874015748031497
278
0.7321428571428571
0.7840269966254219
279
0.7321428571428571
0.7829021372328459
280
0.7053571428571429
0.7772778402699663
281
0.7321428571428571
0.7840269966254219
282
0.7321428571428571
0.7840269966254219
283
0.7321428571428571
0.7862767154105736
284
0.7321428571428571
0.7851518560179978
285
0.7321428571428571
0.7829021372328459
286
0.7321428571428571
0.78177727784027
287
0.7321428571428571
0.7840269966254219
288
0.7321428571428571
0.7885264341957255
289
0.7321428571428571
0.7874015748031497
290
0.7321428571428571
0.7874015748031497
291
0.7321428571428571
0.7874015748031497
292
0.7321428571428571
0.7885264341957255
293
0.7321428571428571
0.7896512935883014
294
0.7321428571428571
0.7885264341957255
295
0.7321428571428571
0.7896512935883014
296
0.7321428571428571
0.7930258717660292
297
0.7321428571428571
0.7885264341957255
298
0.7321428571428571
0.7885264341957255
299
0.7321428571428571
0.7907761529808774
300
0.7321428571428571
0.7896512935883014
301
0.7321428571428571
0.7885264341957255
302
0.7321428571428571
0.7907761529808774
303
0.7321428571428571
0.7885264341957255
304
0.7321428571428571
0.7874015748031497
305
0.7321428571428571
0.7896512935883014
306
0.7321428571428571
0.7885264341957255
307
0.7321428571428571
0.7862767154105736
308
0.7321428571428571
0.7885264341957255
309
0.7321428571428571
0.7862767154105736
310
0.7321428571428571
0.7862767154105736
311
0.7321428571428571
0.7874015748031497
312
0.7321428571428571
0.7885264341957255
313
0.7321428571428571
0.7874015748031497
314
0.7321428571428571
0.7851518560179978
315
0.7321428571428571
0.7874015748031497
316
0.7321428571428571
0.7874015748031497
317
0.7321428571428571
0.7874015748031497
318
0.7321428571428571
0.7885264341957255
319
0.7321428571428571
0.7885264341957255
320
0.7321428571428571
0.7885264341957255
321
0.7321428571428571
0.7896512935883014
322
0.7321428571428571
0.7896512935883014
323
0.7321428571428571
0.7874015748031497
324
0.7321428571428571
0.7896512935883014
325
0.7321428571428571
0.7874015748031497
326
0.7321428571428571
0.7874015748031497
327
0.7321428571428571
0.7862767154105736
328
0.7321428571428571
0.7862767154105736
329
0.7321428571428571
0.7885264341957255
330
0.7321428571428571
0.7862767154105736
331
0.7321428571428571
0.7862767154105736
332
0.7321428571428571
0.7862767154105736
333
0.7321428571428571
0.7874015748031497
334
0.7321428571428571
0.7862767154105736
335
0.7321428571428571
0.7862767154105736
336
0.7321428571428571
0.7874015748031497
337
0.7321428571428571
0.7862767154105736
338
0.7321428571428571
0.7896512935883014
339
0.7321428571428571
0.7874015748031497
340
0.7321428571428571
0.7907761529808774
341
0.7321428571428571
0.7896512935883014
342
0.7321428571428571
0.7874015748031497
343
0.7321428571428571
0.7874015748031497
344
0.7321428571428571
0.7896512935883014
345
0.7321428571428571
0.7885264341957255
346
0.7321428571428571
0.7896512935883014
347
0.7321428571428571
0.7885264341957255
348
0.7321428571428571
0.7874015748031497
349
0.7321428571428571
0.7896512935883014
350
0.7321428571428571
0.7885264341957255
351
0.7321428571428571
0.7907761529808774
352
0.7321428571428571
0.7919010123734533
353
0.7321428571428571
0.7885264341957255
354
0.7321428571428571
0.7896512935883014
355
0.7321428571428571
0.7907761529808774
356
0.7321428571428571
0.7919010123734533
357
0.7321428571428571
0.7919010123734533
358
0.7321428571428571
0.7919010123734533
359
0.7321428571428571
0.7919010123734533
360
0.7321428571428571
0.7919010123734533
361
0.7321428571428571
0.7919010123734533
362
0.7321428571428571
0.7919010123734533
363
0.7321428571428571
0.7919010123734533
364
0.7321428571428571
0.7919010123734533
365
0.7321428571428571
0.7930258717660292
366
0.7321428571428571
0.7919010123734533
367
0.7321428571428571
0.7919010123734533
368
0.7321428571428571
0.7930258717660292
369
0.7321428571428571
0.7919010123734533
370
0.7321428571428571
0.7919010123734533
371
0.7321428571428571
0.7907761529808774
372
0.7321428571428571
0.7907761529808774
373
0.7321428571428571
0.7952755905511811
374
0.7321428571428571
0.7919010123734533
375
0.7321428571428571
0.7919010123734533
376
0.7321428571428571
0.7907761529808774
377
0.7321428571428571
0.7919010123734533
378
0.7321428571428571
0.7930258717660292
379
0.7321428571428571
0.7907761529808774
380
0.7321428571428571
0.7919010123734533
381
0.7321428571428571
0.7941507311586051
382
0.7321428571428571
0.7907761529808774
383
0.7321428571428571
0.7952755905511811
384
0.7321428571428571
0.7941507311586051
385
0.7321428571428571
0.7919010123734533
386
0.7321428571428571
0.7941507311586051
387
0.7321428571428571
0.7952755905511811
388
0.7321428571428571
0.7829021372328459
389
0.7321428571428571
0.7885264341957255
390
0.7321428571428571
0.7907761529808774
391
0.7321428571428571
0.7896512935883014
392
0.7321428571428571
0.7941507311586051
393
0.7321428571428571
0.7952755905511811
394
0.7321428571428571
0.7930258717660292
395
0.7321428571428571
0.796400449943757
396
0.7321428571428571
0.7941507311586051
397
0.7321428571428571
0.7930258717660292
398
0.7321428571428571
0.7941507311586051
399
0.7321428571428571
0.7952755905511811
400
0.7321428571428571
0.7941507311586051
401
0.7321428571428571
0.7952755905511811
402
0.7321428571428571
0.7919010123734533
403
0.7321428571428571
0.796400449943757
404
0.7321428571428571
0.7930258717660292
405
0.7321428571428571
0.7941507311586051
406
0.7321428571428571
0.7952755905511811
407
0.7321428571428571
0.7930258717660292
408
0.7321428571428571
0.7930258717660292
409
0.7321428571428571
0.7952755905511811
410
0.7321428571428571
0.7941507311586051
411
0.7321428571428571
0.7941507311586051
412
0.7321428571428571
0.7941507311586051
413
0.7321428571428571
0.7941507311586051
414
0.7321428571428571
0.7930258717660292
415
0.7321428571428571
0.7952755905511811
416
0.7321428571428571
0.7952755905511811
417
0.7321428571428571
0.7941507311586051
418
0.7321428571428571
0.7941507311586051
419
0.7321428571428571
0.7941507311586051
420
0.7321428571428571
0.7919010123734533
421
0.7321428571428571
0.7930258717660292
422
0.7321428571428571
0.7952755905511811
423
0.7321428571428571
0.7919010123734533
424
0.7321428571428571
0.7941507311586051
425
0.7321428571428571
0.7896512935883014
426
0.7321428571428571
0.7919010123734533
427
0.7321428571428571
0.7930258717660292
428
0.7321428571428571
0.7907761529808774
429
0.7321428571428571
0.7919010123734533
430
0.7321428571428571
0.7930258717660292
431
0.7321428571428571
0.7952755905511811
432
0.7321428571428571
0.7907761529808774
433
0.7321428571428571
0.7919010123734533
434
0.7321428571428571
0.7930258717660292
435
0.7321428571428571
0.7896512935883014
436
0.7321428571428571
0.7952755905511811
437
0.7321428571428571
0.7919010123734533
438
0.7321428571428571
0.7930258717660292
439
0.7321428571428571
0.7930258717660292
440
0.7321428571428571
0.7941507311586051
441
0.7321428571428571
0.7919010123734533
442
0.7321428571428571
0.7930258717660292
443
0.7321428571428571
0.7919010123734533
444
0.7321428571428571
0.7941507311586051
445
0.7321428571428571
0.7919010123734533
446
0.7321428571428571
0.7919010123734533
447
0.7321428571428571
0.7941507311586051
448
0.7321428571428571
0.7919010123734533
449
0.7321428571428571
0.7919010123734533
450
0.7321428571428571
0.7919010123734533
451
0.7321428571428571
0.7907761529808774
452
0.7410714285714286
0.7874015748031497
453
0.7321428571428571
0.7930258717660292
454
0.7321428571428571
0.7941507311586051
455
0.7321428571428571
0.7930258717660292
456
0.7321428571428571
0.7941507311586051
457
0.7321428571428571
0.7930258717660292
458
0.7321428571428571
0.7930258717660292
459
0.7321428571428571
0.7930258717660292
460
0.7321428571428571
0.7919010123734533
461
0.7410714285714286
0.7896512935883014
462
0.7232142857142857
0.796400449943757
463
0.7321428571428571
0.7919010123734533
464
0.7321428571428571
0.7941507311586051
465
0.7321428571428571
0.7907761529808774
466
0.7232142857142857
0.7952755905511811
467
0.7321428571428571
0.7919010123734533
468
0.7232142857142857
0.7930258717660292
469
0.7321428571428571
0.7907761529808774
470
0.7232142857142857
0.7930258717660292
471
0.7232142857142857
0.7919010123734533
472
0.7232142857142857
0.7907761529808774
473
0.7232142857142857
0.7930258717660292
474
0.7321428571428571
0.7952755905511811
475
0.7321428571428571
0.7930258717660292
476
0.7232142857142857
0.7919010123734533
477
0.7321428571428571
0.7930258717660292
478
0.7321428571428571
0.7941507311586051
479
0.7321428571428571
0.7941507311586051
480
0.7321428571428571
0.7941507311586051
481
0.7410714285714286
0.7930258717660292
482
0.7232142857142857
0.796400449943757
483
0.7410714285714286
0.7952755905511811
484
0.7321428571428571
0.7930258717660292
485
0.7321428571428571
0.7930258717660292
486
0.7410714285714286
0.796400449943757
487
0.7321428571428571
0.7941507311586051
488
0.7321428571428571
0.7975253093363329
489
0.7410714285714286
0.7952755905511811
490
0.7410714285714286
0.7975253093363329
491
0.7410714285714286
0.7941507311586051
492
0.7410714285714286
0.7952755905511811
493
0.7410714285714286
0.796400449943757
494
0.7410714285714286
0.7941507311586051
495
0.7410714285714286
0.7975253093363329
496
0.7410714285714286
0.7941507311586051
497
0.7410714285714286
0.7941507311586051
498
0.7410714285714286
0.7952755905511811
499
0.7410714285714286
0.7952755905511811
500
0.7321428571428571
0.7941507311586051
501
0.7410714285714286
0.7952755905511811
502
0.7410714285714286
0.7941507311586051
503
0.7410714285714286
0.7952755905511811
504
0.7410714285714286
0.7952755905511811
505
0.7410714285714286
0.7952755905511811
506
0.7410714285714286
0.7941507311586051
507
0.7410714285714286
0.7941507311586051
508
0.7410714285714286
0.7952755905511811
509
0.7410714285714286
0.7952755905511811
510
0.7410714285714286
0.7941507311586051
511
0.7410714285714286
0.7941507311586051
512
0.7410714285714286
0.796400449943757
513
0.7410714285714286
0.7941507311586051
514
0.7410714285714286
0.7952755905511811
515
0.7410714285714286
0.7952755905511811
516
0.7232142857142857
0.7919010123734533
517
0.7232142857142857
0.7986501687289089
518
0.7410714285714286
0.796400449943757
519
0.7410714285714286
0.7941507311586051
520
0.7410714285714286
0.796400449943757
521
0.7410714285714286
0.7930258717660292
522
0.7410714285714286
0.796400449943757
523
0.7410714285714286
0.7930258717660292
524
0.7410714285714286
0.7952755905511811
525
0.7410714285714286
0.7941507311586051
526
0.7410714285714286
0.7941507311586051
527
0.7410714285714286
0.7941507311586051
528
0.7410714285714286
0.7930258717660292
529
0.7410714285714286
0.7930258717660292
530
0.7410714285714286
0.7952755905511811
531
0.7410714285714286
0.7941507311586051
532
0.7410714285714286
0.7941507311586051
533
0.7410714285714286
0.7941507311586051
534
0.7410714285714286
0.7941507311586051
535
0.7410714285714286
0.7952755905511811
536
0.7410714285714286
0.796400449943757
537
0.7410714285714286
0.7952755905511811
538
0.7410714285714286
0.7952755905511811
539
0.7410714285714286
0.796400449943757
540
0.7410714285714286
0.7941507311586051
541
0.7410714285714286
0.7952755905511811
542
0.7410714285714286
0.7941507311586051
543
0.7410714285714286
0.796400449943757
544
0.7410714285714286
0.7952755905511811
545
0.7410714285714286
0.7975253093363329
546
0.7410714285714286
0.7941507311586051
547
0.7410714285714286
0.7952755905511811
548
0.7410714285714286
0.7952755905511811
549
0.7410714285714286
0.7941507311586051
550
0.7410714285714286
0.7941507311586051
551
0.7410714285714286
0.7952755905511811
552
0.7410714285714286
0.796400449943757
553
0.7410714285714286
0.7952755905511811
554
0.7410714285714286
0.7941507311586051
555
0.7410714285714286
0.7952755905511811
556
0.7410714285714286
0.7952755905511811
557
0.7410714285714286
0.7952755905511811
558
0.7410714285714286
0.796400449943757
559
0.7410714285714286
0.7975253093363329
560
0.7410714285714286
0.796400449943757
561
0.7410714285714286
0.7975253093363329
562
0.7321428571428571
0.7885264341957255
563
0.7321428571428571
0.796400449943757
564
0.7410714285714286
0.796400449943757
565
0.7321428571428571
0.7941507311586051
566
0.7410714285714286
0.7997750281214848
567
0.7410714285714286
0.7975253093363329
568
0.7410714285714286
0.796400449943757
569
0.7410714285714286
0.7975253093363329
570
0.7410714285714286
0.7986501687289089
571
0.7410714285714286
0.796400449943757
572
0.7410714285714286
0.7975253093363329
573
0.7410714285714286
0.7986501687289089
574
0.7410714285714286
0.7986501687289089
575
0.75
0.7975253093363329
576
0.7410714285714286
0.7997750281214848
577
0.7321428571428571
0.7997750281214848
578
0.7410714285714286
0.796400449943757
579
0.7321428571428571
0.7986501687289089
580
0.7410714285714286
0.7986501687289089
581
0.7410714285714286
0.7975253093363329
582
0.7410714285714286
0.7975253093363329
583
0.7410714285714286
0.7986501687289089
584
0.7321428571428571
0.7986501687289089
585
0.7410714285714286
0.796400449943757
586
0.7410714285714286
0.7975253093363329
587
0.7321428571428571
0.7975253093363329
588
0.7410714285714286
0.7975253093363329
589
0.7410714285714286
0.796400449943757
590
0.7321428571428571
0.7986501687289089
591
0.7321428571428571
0.7986501687289089
592
0.7410714285714286
0.7975253093363329
593
0.7321428571428571
0.7975253093363329
594
0.7410714285714286
0.7986501687289089
595
0.7321428571428571
0.7986501687289089
596
0.7321428571428571
0.7986501687289089
597
0.7410714285714286
0.7975253093363329
598
0.7410714285714286
0.7952755905511811
599
0.7410714285714286
0.7975253093363329
600
0.7410714285714286
0.796400449943757
601
0.7321428571428571
0.7986501687289089
602
0.7410714285714286
0.7975253093363329
603
0.7321428571428571
0.7997750281214848
604
0.7321428571428571
0.7986501687289089
605
0.7410714285714286
0.7975253093363329
606
0.7410714285714286
0.7986501687289089
607
0.7321428571428571
0.7997750281214848
608
0.7410714285714286
0.7986501687289089
609
0.7410714285714286
0.796400449943757
610
0.7410714285714286
0.7941507311586051
611
0.7321428571428571
0.7829021372328459
612
0.7321428571428571
0.7975253093363329
613
0.7410714285714286
0.7896512935883014
614
0.7321428571428571
0.7896512935883014
615
0.7321428571428571
0.7907761529808774
616
0.75
0.7975253093363329
617
0.7410714285714286
0.7952755905511811
618
0.7321428571428571
0.7997750281214848
619
0.7410714285714286
0.7975253093363329
620
0.7410714285714286
0.7986501687289089
621
0.7410714285714286
0.796400449943757
622
0.7410714285714286
0.796400449943757
623
0.7410714285714286
0.796400449943757
624
0.7410714285714286
0.8008998875140607
625
0.7410714285714286
0.8008998875140607
626
0.7410714285714286
0.7997750281214848
627
0.7410714285714286
0.7997750281214848
628
0.7410714285714286
0.7975253093363329
629
0.7410714285714286
0.7997750281214848
630
0.7410714285714286
0.7986501687289089
631
0.7410714285714286
0.8008998875140607
632
0.7410714285714286
0.7986501687289089
633
0.7321428571428571
0.8031496062992126
634
0.7410714285714286
0.7997750281214848
635
0.7321428571428571
0.7986501687289089
636
0.7321428571428571
0.8020247469066367
637
0.75
0.8031496062992126
638
0.75
0.8008998875140607
639
0.7410714285714286
0.8020247469066367
640
0.7410714285714286
0.8020247469066367
641
0.7410714285714286
0.7986501687289089
642
0.7321428571428571
0.7997750281214848
643
0.7321428571428571
0.796400449943757
