1
0.7207207207207207
0.6736526946107785
2
0.7567567567567568
0.6716566866267465
3
0.7387387387387387
0.6796407185628742
4
0.7207207207207207
0.6706586826347305
5
0.7027027027027027
0.6786427145708582
6
0.7117117117117117
0.6776447105788423
7
0.7297297297297297
0.6766467065868264
8
0.7477477477477478
0.6766467065868264
9
0.7297297297297297
0.6946107784431138
10
0.7207207207207207
0.687624750499002
11
0.7477477477477478
0.6856287425149701
12
0.7477477477477478
0.689620758483034
13
0.7297297297297297
0.688622754491018
14
0.7207207207207207
0.6796407185628742
15
0.7387387387387387
0.6746506986027944
16
0.7387387387387387
0.689620758483034
17
0.7387387387387387
0.6816367265469062
18
0.7207207207207207
0.6936127744510978
19
0.7297297297297297
0.6806387225548902
20
0.7297297297297297
0.6846307385229541
21
0.7747747747747747
0.6936127744510978
22
0.7297297297297297
0.6866267465069861
23
0.7477477477477478
0.6806387225548902
24
0.7387387387387387
0.6846307385229541
25
0.7387387387387387
0.6906187624750499
26
0.7387387387387387
0.6976047904191617
27
0.7567567567567568
0.6986027944111777
28
0.7477477477477478
0.6946107784431138
29
0.7387387387387387
0.6906187624750499
30
0.7477477477477478
0.6926147704590818
31
0.7387387387387387
0.6976047904191617
32
0.7567567567567568
0.6996007984031936
33
0.7387387387387387
0.6976047904191617
34
0.7567567567567568
0.7005988023952096
35
0.7657657657657657
0.7045908183632734
36
0.7657657657657657
0.6986027944111777
37
0.7477477477477478
0.7005988023952096
38
0.7387387387387387
0.7005988023952096
39
0.7747747747747747
0.7055888223552894
40
0.7387387387387387
0.689620758483034
41
0.7657657657657657
0.6966067864271457
42
0.7477477477477478
0.7035928143712575
43
0.7567567567567568
0.7065868263473054
44
0.7477477477477478
0.7005988023952096
45
0.7567567567567568
0.7105788423153693
46
0.7837837837837838
0.7125748502994012
47
0.7477477477477478
0.6986027944111777
48
0.7657657657657657
0.6477045908183633
49
0.7117117117117117
0.6866267465069861
50
0.7387387387387387
0.7005988023952096
51
0.7387387387387387
0.7075848303393214
52
0.7657657657657657
0.7055888223552894
53
0.7747747747747747
0.7045908183632734
54
0.7747747747747747
0.7055888223552894
55
0.7747747747747747
0.7095808383233533
56
0.7747747747747747
0.7085828343313373
57
0.7477477477477478
0.719560878243513
58
0.7567567567567568
0.7045908183632734
59
0.8108108108108109
0.7015968063872255
60
0.7207207207207207
0.6686626746506986
61
0.7027027027027027
0.6976047904191617
62
0.7567567567567568
0.7045908183632734
63
0.7747747747747747
0.6966067864271457
64
0.7567567567567568
0.720558882235529
65
0.7477477477477478
0.7065868263473054
66
0.7657657657657657
0.7005988023952096
67
0.7657657657657657
0.7095808383233533
68
0.8108108108108109
0.7085828343313373
69
0.7567567567567568
0.7055888223552894
70
0.7297297297297297
0.7095808383233533
71
0.7657657657657657
0.7095808383233533
72
0.7117117117117117
0.7135728542914171
73
0.7477477477477478
0.7025948103792415
74
0.7747747747747747
0.7005988023952096
75
0.7567567567567568
0.7075848303393214
76
0.8108108108108109
0.7065868263473054
77
0.7657657657657657
0.719560878243513
78
0.7027027027027027
0.6686626746506986
79
0.7567567567567568
0.716566866267465
80
0.7657657657657657
0.719560878243513
81
0.7747747747747747
0.7145708582834331
82
0.7837837837837838
0.7105788423153693
83
0.7477477477477478
0.716566866267465
84
0.7387387387387387
0.7125748502994012
85
0.8108108108108109
0.7155688622754491
86
0.7927927927927928
0.718562874251497
87
0.7837837837837838
0.7235528942115769
88
0.7927927927927928
0.716566866267465
89
0.7837837837837838
0.7215568862275449
90
0.7747747747747747
0.716566866267465
91
0.7837837837837838
0.719560878243513
92
0.8288288288288288
0.719560878243513
93
0.7837837837837838
0.7245508982035929
94
0.8108108108108109
0.7245508982035929
95
0.7477477477477478
0.7065868263473054
96
0.7927927927927928
0.716566866267465
97
0.7657657657657657
0.7225548902195609
98
0.7837837837837838
0.7115768463073853
99
0.7927927927927928
0.7255489021956087
100
0.6936936936936937
0.6606786427145709
101
0.7927927927927928
0.7015968063872255
102
0.7747747747747747
0.717564870259481
103
0.7837837837837838
0.6796407185628742
104
0.7927927927927928
0.7045908183632734
105
0.7657657657657657
0.7295409181636726
106
0.7927927927927928
0.7075848303393214
107
0.7837837837837838
0.7125748502994012
108
0.8018018018018018
0.717564870259481
109
0.7837837837837838
0.7095808383233533
110
0.8018018018018018
0.7275449101796407
111
0.8018018018018018
0.7225548902195609
112
0.7837837837837838
0.719560878243513
113
0.8018018018018018
0.717564870259481
114
0.8018018018018018
0.716566866267465
115
0.8108108108108109
0.7255489021956087
116
0.8018018018018018
0.7275449101796407
117
0.7747747747747747
0.7135728542914171
118
0.7927927927927928
0.7295409181636726
119
0.7747747747747747
0.7145708582834331
120
0.8018018018018018
0.7305389221556886
121
0.7927927927927928
0.7325349301397206
122
0.7837837837837838
0.7325349301397206
123
0.8198198198198198
0.7315369261477046
124
0.7567567567567568
0.7435129740518962
125
0.8018018018018018
0.7335329341317365
126
0.7657657657657657
0.7285429141716567
127
0.8018018018018018
0.7285429141716567
128
0.8018018018018018
0.7265469061876247
129
0.8018018018018018
0.7215568862275449
130
0.8018018018018018
0.7355289421157685
131
0.8018018018018018
0.7455089820359282
132
0.7927927927927928
0.7405189620758483
133
0.8018018018018018
0.7335329341317365
134
0.7657657657657657
0.7425149700598802
135
0.7657657657657657
0.7405189620758483
136
0.7837837837837838
0.7495009980039921
137
0.7927927927927928
0.7504990019960079
138
0.8018018018018018
0.7315369261477046
139
0.7837837837837838
0.7385229540918163
140
0.8198198198198198
0.7544910179640718
141
0.7927927927927928
0.7445109780439122
142
0.8198198198198198
0.7245508982035929
143
0.8018018018018018
0.7355289421157685
144
0.8018018018018018
0.7335329341317365
145
0.8018018018018018
0.7305389221556886
146
0.7747747747747747
0.7415169660678643
147
0.8108108108108109
0.7285429141716567
148
0.8018018018018018
0.7495009980039921
149
0.8018018018018018
0.7345309381237525
150
0.8108108108108109
0.7425149700598802
151
0.8018018018018018
0.7285429141716567
152
0.8108108108108109
0.7365269461077845
153
0.8198198198198198
0.7385229540918163
154
0.8198198198198198
0.7305389221556886
155
0.8018018018018018
0.7425149700598802
156
0.8018018018018018
0.7355289421157685
157
0.8018018018018018
0.7465069860279441
158
0.8288288288288288
0.7405189620758483
159
0.8108108108108109
0.7395209580838323
160
0.7927927927927928
0.7425149700598802
161
0.8018018018018018
0.7375249500998003
162
0.8378378378378378
0.7385229540918163
163
0.8288288288288288
0.7435129740518962
164
0.8108108108108109
0.7455089820359282
165
0.8108108108108109
0.7465069860279441
166
0.8378378378378378
0.7335329341317365
167
0.8288288288288288
0.7504990019960079
168
0.8288288288288288
0.7435129740518962
169
0.8378378378378378
0.7345309381237525
170
0.8198198198198198
0.7465069860279441
171
0.8108108108108109
0.7455089820359282
172
0.8018018018018018
0.7554890219560878
173
0.7927927927927928
0.7435129740518962
174
0.8198198198198198
0.7355289421157685
175
0.8108108108108109
0.7325349301397206
176
0.8018018018018018
0.7445109780439122
177
0.8378378378378378
0.7534930139720559
178
0.8198198198198198
0.7405189620758483
179
0.7837837837837838
0.7584830339321357
180
0.7927927927927928
0.7684630738522954
181
0.8108108108108109
0.7475049900199601
182
0.8288288288288288
0.7285429141716567
183
0.8108108108108109
0.7445109780439122
184
0.7927927927927928
0.7554890219560878
185
0.7927927927927928
0.7495009980039921
186
0.8378378378378378
0.7485029940119761
187
0.7657657657657657
0.7465069860279441
188
0.8018018018018018
0.7485029940119761
189
0.7837837837837838
0.7504990019960079
190
0.8108108108108109
0.7604790419161677
191
0.7927927927927928
0.7534930139720559
192
0.7747747747747747
0.7504990019960079
193
0.8108108108108109
0.7604790419161677
194
0.8108108108108109
0.7694610778443114
195
0.7837837837837838
0.7674650698602794
196
0.7837837837837838
0.7674650698602794
197
0.8018018018018018
0.7614770459081837
198
0.7747747747747747
0.7504990019960079
199
0.8018018018018018
0.7514970059880239
200
0.8198198198198198
0.7624750499001997
